image_width: 640
image_height: 480
camera_name: narrow_stereo
camera_matrix:
  rows: 3
  cols: 3
  data: [595.649591, 0.000000, 320.817705, 0.000000, 595.628167, 239.987721, 0.000000, 0.000000, 1.000000]
distortion_model: plumb_bob
distortion_coefficients:
  rows: 1
  cols: 5
  data: [0.029876, -0.138163, -0.000939, 0.001569, 0.000000]
rectification_matrix:
  rows: 3
  cols: 3
  data: [1.000000, 0.000000, 0.000000, 0.000000, 1.000000, 0.000000, 0.000000, 0.000000, 1.000000]
projection_matrix:
  rows: 3
  cols: 4
  data: [593.860779, 0.000000, 321.680972, 0.000000, 0.000000, 596.416931, 239.704369, 0.000000, 0.000000, 0.000000, 1.000000, 0.000000]
